1000
80 53 38
22 89 58
82 2 69
49 42 78
55 71 19
59 46 2
57 58 89
98 55 70
84 93 54
66 26 38
49 35 2
37 17 62
93 92 92
92 10 71
85 9 98
76 9 32
83 56 97
62 17 11
12 39 71
28 95 98
81 30 41
19 32 19
72 17 12
98 22 42
19 32 69
16 10 4
96 23 79
20 11 46
36 86 34
10 33 56
5 98 52
82 24 95
39 62 18
67 60 99
98 41 60
8 20 80
25 65 34
58 86 97
0 89 69
39 72 57
55 98 32
100 18 7
33 36 11
52 39 2
8 67 44
15 100 82
85 74 65
51 52 94
2 98 62
85 7 21
58 91 89
0 55 55
57 41 42
92 67 54
46 38 10
15 28 37
79 67 41
23 7 39
19 57 99
44 65 58
21 53 4
38 6 39
70 44 46
31 9 97
39 12 84
98 13 29
16 86 46
93 68 55
56 83 72
72 21 28
83 89 31
41 97 68
53 85 73
3 22 39
87 37 36
28 96 15
35 81 8
16 48 34
68 82 88
76 58 19
45 12 15
2 35 88
80 65 25
91 61 19
52 29 5
3 83 27
33 18 17
6 97 77
88 98 52
89 21 73
53 90 67
49 48 55
69 74 98
70 72 24
95 88 7
34 14 7
96 46 59
21 89 97
34 21 80
36 67 58
64 70 73
33 69 55
73 91 41
87 37 39
90 98 72
36 32 85
17 46 54
46 69 58
19 15 33
70 88 73
86 41 9
84 74 99
44 7 12
83 15 78
67 94 53
14 46 40
30 29 57
79 12 10
3 66 73
37 43 86
77 89 85
38 91 22
83 25 47
43 81 99
19 53 6
54 99 95
5 21 40
31 11 98
91 48 60
52 27 3
69 96 3
42 8 52
20 60 75
33 39 73
86 67 92
19 25 7
77 23 24
34 38 11
22 4 96
82 86 16
55 48 15
85 85 71
16 54 82
84 58 56
23 100 5
62 86 17
56 87 92
12 55 55
93 79 38
94 30 67
94 30 5
98 87 25
37 29 63
10 33 33
21 26 87
1 54 73
39 62 19
53 6 61
40 87 59
53 3 4
100 87 47
17 8 18
21 52 78
22 41 17
16 43 68
27 23 72
89 86 90
70 29 55
83 77 15
37 24 17
78 56 13
55 93 15
4 79 33
76 78 55
70 67 75
67 43 16
100 70 91
16 15 64
87 5 14
60 83 20
24 60 67
7 13 7
16 79 40
82 77 39
40 5 31
26 92 27
19 87 86
91 47 20
25 12 74
70 35 42
17 24 45
46 13 17
43 47 33
98 38 32
34 29 37
15 29 66
19 77 72
22 20 89
59 75 48
97 37 34
35 64 17
72 83 63
44 31 91
27 23 13
56 80 4
10 34 82
6 33 77
100 89 76
79 87 63
45 39 5
63 5 13
53 48 96
38 73 58
100 6 31
20 60 5
85 13 84
84 79 64
13 68 39
82 65 54
85 16 71
20 46 23
99 13 4
69 77 100
10 22 55
34 67 6
16 88 96
72 82 11
15 48 19
25 61 69
4 47 1
35 87 31
79 100 64
13 82 4
84 63 8
74 13 7
73 32 97
81 13 32
48 62 3
65 42 19
76 86 17
84 71 12
87 22 56
49 37 81
55 65 61
36 98 30
93 21 57
69 39 59
33 55 85
20 71 63
91 25 16
54 93 10
93 37 34
32 67 10
63 38 11
95 22 15
97 16 13
99 41 62
47 85 3
60 52 78
78 71 68
51 9 46
41 26 27
4 1 83
70 25 2
23 21 97
38 68 94
21 80 63
31 9 89
91 2 12
63 75 34
91 63 85
23 5 33
38 4 1
23 74 80
51 26 61
11 69 57
76 82 99
58 20 9
67 14 93
74 9 58
97 58 73
30 15 68
14 84 31
6 10 20
69 82 83
6 74 32
28 14 70
93 28 75
74 24 4
12 72 15
100 37 76
23 76 96
13 15 91
90 37 82
61 6 25
69 25 52
84 24 17
25 24 95
81 38 43
14 89 2
54 13 86
25 43 2
4 90 64
46 54 18
42 7 15
77 83 32
16 58 27
84 79 77
79 20 6
82 93 96
28 62 38
5 47 66
69 18 21
22 45 39
6 56 93
18 89 10
89 99 82
16 53 10
31 83 25
57 10 21
35 55 45
21 6 39
50 96 59
38 15 17
44 60 67
8 34 45
99 8 47
7 55 65
97 40 45
90 63 36
83 45 78
91 74 34
97 10 91
59 72 79
51 61 95
69 3 81
92 40 17
84 5 4
19 13 36
70 59 36
53 61 85
80 78 67
24 57 9
25 54 15
73 93 3
33 35 34
87 93 35
49 78 52
63 47 47
23 68 11
35 62 33
73 60 73
95 61 13
59 78 24
35 71 80
60 4 61
51 16 84
10 55 27
0 32 79
90 78 19
95 52 21
17 81 100
91 22 82
89 42 1
23 66 83
70 87 37
66 96 69
52 37 89
17 63 22
42 93 63
14 58 26
73 35 23
85 68 41
99 99 99
35 29 87
44 71 96
61 34 14
2 76 15
44 52 32
78 12 26
13 94 70
25 17 18
35 73 75
37 59 59
23 58 58
13 55 55
12 88 91
65 34 26
73 43 35
100 84 72
40 31 94
38 18 100
10 36 76
95 85 81
50 22 86
30 61 23
76 85 40
71 8 8
42 35 78
66 17 16
24 100 35
43 72 63
75 30 25
41 54 55
88 45 37
62 57 13
98 23 27
53 77 48
2 47 93
99 26 64
90 47 68
22 28 37
75 18 61
12 98 95
25 93 2
32 94 82
77 97 48
48 59 23
54 47 14
43 89 76
79 13 6
66 68 37
9 76 39
7 34 65
87 28 17
99 10 38
64 38 29
97 18 34
18 57 73
99 62 71
67 10 77
31 10 68
31 47 82
68 13 87
5 5 86
28 88 81
54 86 32
41 98 74
45 61 96
8 88 1
47 52 75
63 18 95
35 72 76
78 31 43
37 77 96
49 2 81
32 74 85
51 76 26
29 72 80
79 6 30
89 80 48
33 6 28
67 83 21
80 70 89
44 62 13
57 66 7
100 76 79
4 99 54
86 75 33
74 86 76
67 7 97
99 60 89
5 20 37
87 40 57
16 5 23
100 45 18
99 91 5
34 16 89
29 42 62
76 21 60
13 35 36
11 10 80
53 22 1
100 91 95
43 54 4
67 5 11
13 17 1
97 48 53
17 32 44
65 19 26
56 61 7
92 4 28
51 39 32
42 91 58
6 54 76
49 34 10
7 21 17
0 30 70
96 2 72
22 34 52
1 52 5
13 78 5
75 53 41
95 11 94
15 72 4
82 87 30
99 70 86
14 78 60
89 48 39
100 61 33
30 86 56
53 86 23
95 24 55
47 66 45
73 79 96
39 5 38
8 13 21
86 92 88
24 66 29
15 19 12
97 44 64
6 54 76
66 98 21
41 9 44
77 21 90
42 33 100
11 32 65
1 74 53
27 65 77
88 64 68
94 30 1
97 40 88
65 39 45
100 26 16
84 30 23
82 94 57
81 4 75
23 1 19
65 77 35
9 78 90
12 3 26
14 30 25
4 17 11
7 54 41
8 87 8
50 42 68
93 54 6
60 29 94
19 59 93
37 21 1
10 72 100
10 55 4
87 66 72
94 75 65
55 77 36
81 58 33
73 81 29
95 53 33
18 75 8
7 29 86
35 45 55
0 27 62
61 58 61
96 28 17
36 93 63
66 19 66
5 77 3
41 67 73
5 74 9
61 63 52
75 37 68
31 3 8
17 2 33
48 19 14
26 20 90
91 2 82
45 62 57
88 98 54
33 56 65
52 20 71
34 27 91
93 5 46
39 5 87
10 19 4
90 24 63
73 41 26
100 64 45
61 87 41
10 22 75
56 44 57
55 36 81
87 20 40
72 69 8
70 57 74
75 76 37
31 20 6
72 96 80
7 95 21
9 67 98
63 39 40
85 2 99
96 74 56
16 58 42
18 22 25
98 31 67
53 5 47
35 16 42
75 93 5
72 53 57
55 71 46
34 15 71
96 95 29
6 45 79
71 59 9
21 84 62
90 69 64
71 28 4
34 54 33
1 94 5
53 92 12
31 9 91
95 33 26
95 11 94
68 94 26
57 52 31
40 76 92
21 60 67
12 65 66
65 77 89
4 25 17
74 92 31
66 30 100
84 32 46
96 23 25
83 81 21
19 23 85
10 37 85
3 75 98
16 12 2
14 10 10
64 85 30
58 20 22
0 33 60
14 98 61
51 7 31
40 29 7
86 7 52
93 61 47
75 18 15
11 97 8
45 3 87
53 97 9
87 47 83
30 5 55
28 2 36
49 73 97
62 46 1
52 10 20
80 33 25
21 61 42
97 44 60
75 52 73
36 69 53
55 94 1
25 85 66
93 24 72
34 10 100
49 22 17
78 13 34
12 8 16
98 69 74
46 74 16
100 47 93
31 15 100
61 12 61
99 58 92
69 26 21
14 36 81
37 26 33
22 15 99
31 57 62
91 59 33
50 95 41
55 83 24
14 72 37
84 58 8
33 84 61
25 69 7
36 60 91
57 75 18
16 20 69
36 12 28
80 25 64
60 86 100
70 91 100
26 91 40
75 97 59
60 81 24
8 61 41
50 22 39
54 8 62
2 1 3
89 74 71
65 81 74
50 45 96
11 83 30
46 13 67
9 10 84
5 85 97
15 73 20
6 53 79
48 100 7
15 87 67
53 46 81
0 71 40
22 42 25
100 63 3
5 47 9
46 83 61
8 2 87
65 83 43
50 66 61
28 43 83
16 20 13
18 95 60
24 89 95
61 89 91
19 90 69
83 62 4
96 67 6
81 14 29
36 61 83
75 28 25
54 53 91
51 66 33
56 56 52
7 13 96
49 32 95
50 78 61
23 89 93
4 84 60
18 66 28
17 36 76
61 11 97
47 68 48
12 59 63
77 76 20
6 36 66
57 87 8
82 45 77
30 25 5
25 74 22
28 74 83
78 92 39
74 76 22
74 35 78
83 98 82
50 65 61
41 97 37
67 67 62
24 24 77
24 81 77
92 82 14
75 40 70
79 6 20
23 36 86
4 45 66
39 94 64
31 30 58
78 28 94
48 55 54
4 47 5
51 57 31
1 69 27
86 82 81
84 1 80
38 10 22
49 97 30
29 81 85
31 90 6
19 80 12
67 77 35
29 11 42
99 92 60
43 48 99
87 15 84
11 45 87
39 81 80
9 77 77
77 31 9
2 42 20
100 74 54
99 3 95
40 9 35
61 30 32
62 44 84
63 42 23
97 76 47
33 17 14
82 19 81
16 35 59
58 27 76
60 98 27
28 16 5
20 46 39
42 67 14
34 26 6
45 94 28
33 24 78
34 5 87
6 74 68
71 86 34
86 25 64
64 16 62
44 4 23
68 47 78
87 63 16
75 83 75
18 56 55
88 27 3
72 15 93
64 82 82
61 88 67
57 76 70
25 2 9
46 59 25
84 75 56
3 89 85
84 90 42
79 69 11
1 23 57
37 54 52
78 22 46
92 33 47
66 69 9
88 93 40
29 2 60
38 13 28
32 10 75
63 93 100
35 43 32
10 38 38
76 23 47
99 61 22
49 43 41
58 18 38
17 78 67
81 8 37
20 14 88
34 66 96
2 9 3
21 66 14
90 93 62
58 90 100
12 7 78
34 78 21
52 68 7
13 63 44
78 28 15
32 14 83
54 6 54
23 65 87
30 41 28
23 3 100
88 17 100
28 95 81
48 46 58
4 11 83
40 32 40
47 27 8
27 39 58
55 55 17
1 90 31
7 83 47
17 69 21
78 21 43
19 71 93
80 22 42
21 28 21
68 88 23
14 65 87
82 89 7
63 53 74
75 9 23
77 89 75
41 88 72
52 71 59
0 54 4
95 44 79
99 70 27
83 53 23
100 90 10
12 9 17
92 31 9
36 42 44
82 97 70
55 68 37
57 75 37
54 31 99
84 53 47
37 62 67
6 90 7
57 26 71
40 47 81
100 1 1
28 75 45
38 13 25
13 62 69
45 39 23
7 72 10
57 48 78
70 35 40
80 2 41
56 84 29
47 27 41
59 22 76
50 69 97
81 3 94
22 84 76
2 67 55
50 20 90
13 45 52
75 33 74
13 28 46
100 33 89
57 76 73
56 30 6
52 22 97
75 23 60
57 53 73
97 69 86
59 19 85
67 19 16
38 42 11
29 94 95
89 41 20
22 54 16
66 89 30
0 57 27
14 19 22
30 57 67
1 28 70
25 43 87
28 12 87
4 62 87
69 62 92
96 46 9
93 8 68
55 2 71
84 95 42
20 62 88
71 87 7
73 29 39
8 3 76
17 17 24
43 9 84
60 87 90
0 15 62
17 26 74
1 87 71
21 63 84
61 18 70
7 68 97
87 63 13
67 60 11
85 73 70
69 96 28
44 19 7
47 66 68
51 37 95
50 27 13
37 56 98
48 77 79
16 97 9
99 95 91
79 46 84
19 61 77
55 99 81
64 20 30
7 84 93
45 58 69
12 100 82
95 95 17
32 46 61
47 2 34
7 78 53
2 77 57
71 83 38
29 21 89
56 35 42
98 96 13
34 72 75
90 14 81
37 87 8
57 28 81
22 2 57
47 53 21
14 60 30
55 94 47
38 86 11
0 20 25
54 73 68
8 31 78
54 84 77
5 77 17
79 70 92
47 32 85
22 97 31
37 33 85
1 45 6
