100
493.00175 1.31350 1950.53745
89.61067 2.11733 1562.40816
313.0 1.781 1.0
1.00 1.3 556.04769
455.51 3.1846 1250.5227
7.59673 3.08504 13.33864
493.90059 1.19895 1981.85390
252.87150 1.62446 747.74563
497.82281 1.04124 1980.94066
306.0 3.0 80.0
379.512 1.0 500.28038
375.63879 3.93587 961.40040
276.00000 4.00000 283.00000
64.26300 3.21589 735.73499
496.07435 1.13804 1993.66825
490.58481 1.47342 1914.27814
490.24461 1.07562 1961.05360
323.0 3.695 1582.0
307.00000 2.00000 329.00000
373.1 1.20 1854.0
196.00000 2.00000 392.00000
164.9144 1.74 1955.0
177.04992 1.74378 1322.96587
305.0 2.0 1313.0
367.93226 3.81225 189.60850
497.19558 1.10774 1968.21228
497.92370 1.28521 1923.74371
413.90444 2.87 1091.50117
312.29107 3.90368 239.11809
267.5246 2.961 1052.19
498.58278 1.30666 1959.89160
390.0 1.0 1569.0
493.24456 1.27618 1961.22208
455.0 3.0 670.0
491.25474 1.05859 1929.53708
493.27367 1.18458 1998.74853
190.89156 1.01064 613.26167
200.00000 2.00000 400.00000
105.76 1.4452 351.0
61.25 2.0268 1454.9285
496.03060 1.22131 1902.36547
490.87844 1.34339 1989.38358
500.00000 2.7 1051.15
490.09158 1.14910 1969.59677
495.72577 1.12759 1986.38113
497.21248 1.42022 1934.01572
1.05451 3.39832 1999.47798
493.36996 1.22495 1931.57230
336.52974 3.83238 810.62666
1.07046 3.92328 1999.64664
498.46295 1.30084 1926.37229
197.0 4.0 1779.0
497.30149 1.03922 1946.11723
498.85924 1.25394 1914.66604
120.52601 1.72488 162.32489
94.23117 2.28375 1413.40589
497.03101 1.05924 1904.11367
498.46838 1.32808 1915.77506
40.79362 1.36709 2000.000
145.0 4.0 1304.0
491.68558 1.23681 1911.95089
130.19908 1.55038 1468.03183
2.13681 3.90213 3.44707
16.424 1.0 1760.0
401.00000 1.00000 415.00000
495.27085 1.39957 1957.14390
482.0 2.03 1357.899
461.0 2.0 501.0
494.37327 1.19935 1930.38235
1.03961 3.18771 1999.53445
148.00000 2.00000 296.00000
495.35305 1.41128 1912.76919
492.71313 1.22106 1953.12842
368.0 2.0 494.0
1.05634 3.22366 1999.72714
109.092 4.00000 1550.0
451.00000 4.00000 467.00000
493.00000 2.00000 986.00000
214.64952 3.26279 478.19848
498.89231 1.35883 1915.83864
20.0 1.0 602.0
498.0 4.0 1421.0
493.31853 1.15232 1917.24078
494.59922 1.30099 1938.04913
496.12290 1.49519 1983.08798
220.04597 3.41902 791.86739
136.0 2.0 1122.0
187.29629 3.0 1008.8723
175.20486 1.26975 805.20764
497.04207 1.16863 1902.46906
490.14404 1.00790 1912.47464
451.0 4.0 1870.0
496.43827 1.32378 1930.10327
243.49144 2.27717 1592.43483
382.96454 2.76712 1647.63858
129.39713 2.44302 1726.74430
462.16017 1.02666 1761.10530
445.869 2.98021 1980.69749
292.0 3.0 1275.0
333.37 3.76 720.8888
