100
512 962 375
670 946 445
446 361 182
1000000000 1000000000 1000000000
512 512 257
513 513 257
709 343 150
323 794 213
956 807 248
4 2 5
775826812 531236716 601494313
1 2 1
5 3 2
1 1 4
4 5 2
549 417 353
1 3 2
633 165 155
609 342 983
8 259 7
460 789 667
303 890 185
510630838 304041846 681856380
321 644 748
1 1 1000
658558027 548068036 633676197
3 2 2
269887121 170649092 465166044
4 4 3
968 568 281
687 468 147
536870911 536870911 536870911
254 846 229
512 512 256
837683558 607943452 817650414
249 680 88
881 392 40
455 715 844
135185279 266246568 761281925
237 669 112
513 513 1
339823159 564996530 934999016
407834964 504197276 429685111
826 239 121
149 674 136
103 378 24
86684394 542992560 603217380
3 2 4
139 28 21
5 1 1
103 143 88
512 512 2
513 513 256
669 95 31
705 750 326
602 912 367
45 56 35
343 525 766
1 5 1
300 511 653
903457459 631962162 847362936
591 266 187
280711347 449571023 761049781
55 48 329
260310222 302177388 744506683
2 3 5
831 846 463
940124585 291572510 874273987
7 8 5
113 360 54
637 315 296
536870911 536870911 536870910
1000 1000 1
1 1 1
3 4 2
439 748 690
3 5 4
38 96 18
4 4 3
165 195 121
512 512 1
760 628 619
694 811 880
3 1 4
4 1 1
251229825 950901902 722047590
86 434 71
512 512 513
353 361 991
467 563 49
5 5 4
513 513 2
4 1 1
252 630 72
513 513 512
157 352 2
1 5 2
4 4 4
3 2 2
418737159 439227125 481535418
