100
3 1 2
861 531 790
802 623 66
724 957 907
255 95 79
628 98 31
80 133 50
83 241 16
4 5 4
972 759 121
318 440 658
532 456 135
403 277 914
1 3 5
644 270 1
223 928 184
5 5 5
445 568 750
1 1 1000
337 291 109
513 513 1
972 309 332
549 1000 249
719 522 498
114 658 848
923 76 22
912 249 31
6 510 2
2 5 4
633 909 526
940 973 985
45 56 35
776 226 934
4 2 2
7 8 5
800 815 387
512 512 2
512 512 257
813 911 823
7 65 83
216 22 756
803 539 655
702 727 996
485 937 26
512 512 513
631 150 929
284 250 4
103 143 88
513 513 256
891 470 714
5 1 1
177 803 106
4 1 1
663 554 697
4 2 2
1 1 1
360 356 306
5 2 5
964 172 390
306 870 34
357 676 201
53 417 39
5 3 1
570 816 468
631 942 743
396 264 671
197 467 728
2 3 1
1000 1000 1
840 913 426
4 4 5
329 162 94
677 934 651
95 344 28
5 4 2
512 512 1
739 899 461
3 4 2
948 818 690
1 1 1
828 126 53
512 512 256
4 5 2
796 523 836
513 513 257
513 513 512
2 2 2
840 773 445
4 1 1
513 513 2
4 3 5
610 787 39
2 3 2
447 894 531
768 529 643
678 844 5
309 403 497
531 100 95
151 527 9
1 2 4
